=> 
[#<Product:0x0000ffff67b06690
  id: 1,
  name: "Motor Oil 10W-40",
  description: "Synthetic blend motor oil for modern engines",
  unit_price: 0.75e2,
  unit: "L",
  created_at: "2025-12-11 23:19:48.800746000 +0000",
  updated_at: "2025-12-11 23:19:48.800746000 +0000",
  embedding:
   [-0.017895342782139778, -0.004508662968873978, 0.020272431895136833, 0.005063289310783148, 0.012640443630516529, -0.002564617
6654845476, -0.01640039123594761, 0.0042077163234353065, -0.0029233170207589865, -0.009978719986975193, -0.029957028105854988, 0
.030050082132220268, 0.04737846925854683, 0.01978774182498455, 0.020811090245842934, -0.029529279097914696, 0.01271789614111185,
 0.0024654711596667767, 0.03345448523759842, 0.029210815206170082, 0.014721430838108063, 0.00011599214485613629, 0.0093824621289
96849, 0.002930605784058571, 0.004234180320054293, 0.04881061241030693, -0.029203634709119797, -0.00839176680892706, 0.006833998
020738363, 0.01515461876988411, -0.017166001722216606, -0.004163000266999006, 0.04122395068407059, 0.03158087283372879, -0.01597
8986397385597, 0.006700536236166954, -0.0035756586585193872, 0.009798131883144379, 0.005997346248477697, -0.02081281878054142, 0
.00518157659098506, -0.019798776134848595, -0.013703316450119019, 0.024548694491386414, 0.007715050131082535, -0.024347696453332
9, -0.0059020621702075005, 0.003846411593258381, 0.0036351457238197327, -0.01082367543131113, 0.02429213374853134, -0.0315801948
3089447, -0.013358425348997116, -0.0027800253592431545, -0.010290810838341713, -0.014313139952719212, -0.01322402898222208, 0.03
5009242594242096, -0.013138094916939735, -0.026188431307673454, -0.027599435299634933, -0.02689150534570217, -0.0052306852303445
34, -0.02026318572461605, 0.019952407106757164, -0.020022407174110413, -0.021446803584694862, -0.03290437161922455, -0.004571288
358420134, 0.008220368064939976, 0.0021903780288994312, 0.009640897624194622, -0.0016673313220962882, -0.01580813340842724, -0.0
24376705288887024, -0.010363582521677017, -0.009295337833464146, -0.008402947336435318, 0.014078617095947266, 0.0102131012827157
97, 0.0007641485426574945, -0.016753556206822395, -0.027733635157346725, -0.015942323952913284, -0.007543809246271849, 0.0076125
7903650403, -0.008740022778511047, -0.009431101381778717, 0.01802167482674122, 0.010755988769233227, -0.005335891619324684, 0.00
6698832847177982, 0.00950178224593401, 0.008495581336319447, -0.0013780256267637014, -0.017378386110067368, -0.01235125027596950
5, -0.014847667887806892, -0.02202574349939823, 0.00868476927280426, 0.036995645612478256, 0.039335500448942184, 0.0053456556051
96953, -0.009947312995791435, 0.02326013892889023, 0.011423995718359947, -0.001045429497025907, 0.012475759722292423, -0.0175388
6789083481, -0.014923607930541039, -0.005975174717605114, 0.008401517756283283, 0.021279659122228622, -0.002223032061010599, 0.0
022770927753299475, -0.011102824471890926, -0.007402652874588966, -0.00800534151494503, -0.005710298661142588, 0.036742817610502
24, 0.012075272388756275, -0.00700374087318778, -0.029399428516626358, -0.011245997622609138, -0.001947919838130474, -0.02477427
3857474327, -0.012942849658429623, -0.014668754301965237, 0.004353431519120932, -0.00010424765787320212, 0.016986312344670296, -
0.01949193701148033, -0.00016080218483693898, -0.0030511487275362015, -0.0025966549292206764, -0.028579916805028915, -0.00728734
5360964537, -0.01306986715644598, -0.023498520255088806, 0.007590611465275288, -0.006028497125953436, 0.035214196890592575, -0.0
01432536169886589, 0.009971708059310913, 0.0069199129939079285, 0.019333695992827415, -0.020774174481630325, 0.00394045468419790
3, -0.012643401511013508, -0.009584027342498302, 0.014368888922035694, -0.006518147420138121, -0.01083092950284481, -0.030253654
345870018, -0.02709740586578846, 0.002529681194573641, -0.004401965532451868, 0.014846771955490112, -0.005536665674299002, 0.007
4048833921551704, 0.010008173063397408, 0.0014619696885347366, 0.011680806055665016, -0.017416922375559807, -0.01530457194894552
2, -0.00876306090503931, -0.0059872884303331375, -0.0025160976219922304, 0.01338659692555666, -0.008000792935490608, 0.016424685
71662903, 0.0025787835475057364, 0.020187973976135254, 0.014825130812823772, -0.006851616781204939, -0.012799527496099472, -0.02
1014591678977013, -0.01410709973424673, -0.02506943792104721, 0.00792483426630497, -0.001246583997271955, 0.025741001591086388, 
0.007083827629685402, 0.0453268364071846, 0.005367205012589693, 0.019830547273159027, -0.0080146174877882, -0.0170891173183918, 
0.009924346581101418, 0.02639993093907833, 0.008207336068153381, 0.005740058142691851, 0.002374329837039113, -0.0039515867829322
815, -0.038376446813344955, -0.0009983816416934133, -0.0029623950831592083, -0.007357122376561165, 0.0052728960290551186, 0.0070
417034439742565, 0.03045918233692646, -0.014834432862699032, -0.001683984650298953, 0.027038700878620148, -0.0015179031761363149
, -0.012868037447333336, -0.023812580853700638, 0.011650734581053257, 0.009046479128301144, 0.0008830594597384334, -0.0057756602
76412964, -0.016471149399876595, 0.0011790913995355368, 0.006864854134619236, 0.007728555705398321, -0.0005338139599189162, 0.02
0956050604581833, -0.0015748688019812107, 0.00897145550698042, -0.011349036358296871, -0.006533518433570862, -0.0118669187650084
5, 0.006525139324367046, 0.009582020342350006, -0.01455913670361042, -0.028245260939002037, 0.0019530125427991152, -0.0015592413
255944848, -0.012128286994993687, -0.021516406908631325, -0.012730175629258156, -0.018545953556895256, -0.0011049980530515313, -
